1070
1048
1000
1142
1091
1021
1012
1092
1096
1137
1062
1086
1071
1107
1099
1146
1101
1087
1085
1060
1124
1068
1147
1088
1035
1110
1145
1051
1013
1019
1033
1103
1017
1007
1084
1022
1064
1111
1100
1113
1057
1118
1004
1138
1045
1093
1120
1097
1127
1132
1082
1135
1066
1114
1115
1116
1001
1039
1067
1036
1139
1059
1053
1016
1018
1078
1143
1047
1077
1148
1123
1037
1043
1095
1054
1023
1002
1038
1144
1050
1129
1072
1005
1079
1075
1128
1104
1109
1106
1008
1131
1020
1061
1089
1063
1074
1034
1080
1119
1133
1015
1029
1134
1121
1073
1090
1011
1006
1025
1102
1081
1049
1041
1083
1042
1126
1027
1069
1094
1108
1024
1003
1130
1125
1136
1056
1040
1009
1014
1058
1032
1026
1030
1028
1140
1076
1141
1065
1052
1055
1031
1010
1117
1105
1044
1098
1122
1046
1112
